1
7
4
6
7
2
1
9
7
4
7
9
6
4
2
4
10
6
4
4
8
8
5
4
4
16
10
6
2
5
4
4
3
5
10
9
3
4
10
5
6
7
8
9
7
9
6
8
5
10
6
8
5
9
8
8
7
11
2
11
5
15
8
4
2
8
7
6
8
6
13
16
3
5
10
7
4
4
4
13
7
2
2
6
13
4
3
6
20
21
9
4
10
14
2
12
1
13
16
2
2
6
7
7
6
4
4
14
10
2
6
10
5
5
6
8
14
10
3
12
4
2
8
3
4
15
13
6
10
10
12
15
1
10
17
9
2
2
6
12
3
1
14
19
6
4
8
3
7
5
6
8
16
3
2
6
10
12
7
19
2
7
2
8
10
8
3
3
2
10
5
5
4
5
8
10
3
10
15
4
2
7
8
15
9
3
3
15
9
9
20
11
8
6
13
5
29
17
3
5
3
11
5
10
9
15
7
4
9
5
5
7
11
3
10
14
12
3
9
11
3
4
4
20
11
11
3
3
11
9
5
5
22
17
8
2
8
13
6
3
4
11
5
4
13
8
20
11
6
7
14
21
3
8
4
8
23
5
3
19
23
7
7
7
6
12
8
6
17
15
2
2
8
12
11
6
3
22
5
2
5
10
14
17
11
2
16
22
2
3
9
8
13
12
11
20
4
3
11
9
12
10
7
8
17
13
8
8
3
16
12
2
2
19
16
2
3
2
21
15
2
10
17
12
11
8
7
7
8
11
6
11
3
8
6
10
5
4
12
13
2
5
13
7
17
6
15
9
15
6
10
6
11
14
6
15
11
12
2
8
12
10
14
5
18
7
13
2
4
4
5
15
6
24
10
14
5
5
6
8
13
2
27
11
18
11
5
8
7
19
7
21
7
13
5
6
10
6
16
6
30
8
20
6
8
12
3
23
10
19
13
9
8
8
16
3
14
13
20
5
12
4
7
13
3
11
13
17
18
10
7
16
16
3
19
7
14
6
9
2
12
15
2
22
11
16
8
10
5
7
17
7
16
17
16
16
10
5
4
18
2
17
16
22
14
8
2
10
21
4
20
13
33
7
3
12
13
14
2
15
16
25
5
5
2
1
5
7
2
3
4
20
8
14
2
12
8
8
17
14
15
9
18
3
11
12
4
12
12
25
21
26
4
12
14
7
13
12
17
4
30
12
10
12
7
16
15
27
12
22
7
15
5
5
9
9
23
15
21
11
14
16
9
22
6
21
9
13
4
11
21
8
17
8
23
19
17
2
15
10
16
9
4
24
17
16
11
18
18
10
9
9
21
17
11
6
15
10
7
16
4
29
13
20
5
11
23
12
5
4
19
8
14
2
15
16
12
18
13
19
13
32
2
15
32
21
5
11
26
13
20
4
16
17
20
18
12
21
15
21
3
11
14
12
15
9
24
19
19
2
18
22
14
21
10
16
23
28
4
17
25
14
9
15
9
1
1
5
2
4
13
12
3
5
9
22
8
28
8
6
2
7
6
9
19
13
25
13
11
17
4
8
15
36
22
21
15
15
19
6
10
8
36
17
23
12
6
15
8
12
5
38
12
18
8
7
23
19
7
14
37
9
13
8
20
23
16
7
16
30
13
9
12
12
19
22
7
17
37
10
7
7
20
24
14
9
18
38
13
18
11
12
22
10
17
21
25
12
30
10
4
11
13
7
12
31
10
26
4
10
25
19
11
10
18
13
28
8
17
6
15
12
16
27
13
11
10
11
8
18
7
12
34
19
30
14
15
4
25
9
15
33
17
17
10
12
2
25
13
11
36
15
28
18
12
42
27
11
7
36
14
33
26
15
4
12
12
11
8
7
7
6
15
9
17
14
10
11
25
7
18
12
7
11
14
15
9
24
17
16
9
14
6
7
13
15
29
12
16
7
12
7
18
23
12
29
16
14
19
10
10
25
19
9
21
16
12
11
5
7
12
20
4
24
17
3
16
15
15
17
21
17
34
8
8
13
16
14
12
24
14
32
10
16
22
16
12
23
26
20
26
20
11
24
16
20
23
26
14
27
6
11
24
29
22
20
19
15
33
10
5
20
21
17
17
18
15
28
26
5
11
26
23
16
24
7
26
18
20
21
24
20
23
25
10
22
26
16
19
19
23
26
33
19
14
19
18
18
25
17
15
27
6
18
27
14
30
29
23
25
37
15
21
40
6
